38996 188.96 26.45
81646 80.57 23.59
97392 153.6 125.03
16025 107.57 31.57
23362 23.62 126.92
51202 147.05 152.3
22535 85.54 13.4
58560 40.25 144.88
1151 171.44 77.23
100414 108.4 126.3
110143 108.82 177.87
71677 127.54 44.39
22401 69.8 150.91
26686 100.57 180.2
88210 181.45 124.63
39781 108.45 143.19
113501 163.2 199.12
35700 104.48 163.08
76839 115.58 185.77
90005 143.32 94.42
20905 45.92 3.09
109137 180.17 46.22
36525 148.33 38.97
45890 180.21 56.78
21425 62.47 23.92
5393 41.02 156.44
142882 112.87 112.8
43177 6.1 181.46
29717 122.46 156.84
26604 160.22 48.68
138913 104.76 89.3
51339 70.08 57.85
55575 98.0 48.11
66794 136.07 56.29
52954 97.25 157.72
86653 59.3 42.91
24234 90.83 184.18
64228 158.82 84.39
54038 80.82 52.89
14980 176.82 175.48
93165 177.83 131.73
145959 2.32 32.26
145971 4.96 159.22
122981 147.17 182.31
88033 45.91 57.79
148737 75.53 31.79
1284 88.82 98.49
25061 10.16 8.96
84309 159.33 162.41
132132 36.14 23.23
121253 4.97 70.67
21251 194.7 19.07
140312 17.36 119.31
61450 148.31 176.41
83964 1.35 189.81
80263 29.55 124.2
3828 0.34 20.18
15434 68.74 57.97
88202 120.21 9.44
89503 144.76 0.3
6567 74.36 182.16
18384 82.83 116.8
31309 154.22 17.6
139175 192.98 2.06
111589 135.59 118.92
149091 9.21 123.91
101935 3.01 111.87
53341 29.12 77.11
90117 98.64 15.86
34477 38.95 170.94
74229 49.32 58.4
25836 192.8 182.07
31664 131.58 5.95
125965 90.21 142.98
7000 62.84 40.38
110305 140.56 113.55
119743 119.44 199.47
101082 61.27 161.64
67570 132.58 80.54
27212 22.56 119.02
43972 127.57 154.38
95140 35.71 198.78
41863 5.67 174.57
111493 111.7 48.23
31821 89.73 112.2
71454 196.14 8.23
6579 106.02 162.13
85583 4.27 91.6
55824 76.54 179.06
64352 97.64 154.12
43565 158.26 2.54
5325 69.77 115.57
20820 173.21 64.06
70061 137.74 130.82
1315 52.53 58.93
15488 78.26 86.75
54296 56.64 165.61
148377 190.19 128.08
128346 12.14 55.36
136389 151.48 101.66
111390 123.55 129.27
100909 58.92 34.11
147403 163.66 5.36
26939 149.43 147.15
120733 128.12 108.23
1420 131.49 77.67
129759 56.29 62.64
97396 64.31 2.02
118447 168.84 188.31
36362 33.72 33.4
57247 168.19 194.58
46473 140.94 150.75
102760 91.73 123.9
107760 162.41 18.25
64730 190.66 149.9
2923 41.76 1.33
128571 25.86 16.87
145127 121.39 129.81
20387 23.18 134.72
124200 106.2 15.15
59345 108.19 79.06
106138 122.2 106.51
61821 111.64 147.13
49621 120.07 136.98
122337 121.66 66.16
81137 44.22 55.14
147639 181.02 139.37
29597 151.49 32.74
139461 109.95 193.27
44177 137.28 55.02
108474 159.34 56.52
94333 61.86 48.09
30636 113.86 158.88
58398 116.48 105.24
130382 107.5 22.66
21140 4.31 104.6
56305 93.61 107.7
44321 169.05 158.63
131275 145.72 122.14
57196 194.45 170.72
71720 135.89 121.37
127201 190.66 35.83
28199 161.36 109.43
27872 179.0 29.02
106419 173.62 179.39
98691 199.51 196.82
17220 188.91 159.27
90680 15.6 131.3
18110 173.96 67.62
1843 45.4 138.03
94819 64.86 111.28
17084 152.04 192.11
70748 193.28 123.21
149107 142.05 101.3
145308 21.48 189.93
124365 122.32 4.73
74479 132.4 133.51
53165 111.71 106.17
122254 47.62 199.92
149777 143.69 147.46
127410 142.64 92.83
149272 128.13 78.24
25150 123.69 58.05
88877 164.22 24.8
126967 117.35 110.32
95989 117.42 164.79
97014 145.88 109.17
13622 127.83 138.05
71098 140.26 48.57
89315 99.02 105.01
142297 165.76 81.15
79295 161.47 185.54
77648 108.01 41.9
81713 57.95 129.22
41993 182.69 170.98
62417 103.15 71.19
142644 69.93 11.39
137614 187.95 85.14
61207 69.69 28.99
124699 160.25 17.32
129331 142.95 35.55
3819 172.7 3.21
85882 69.57 41.29
149906 73.93 99.44
128528 96.32 190.22
116007 138.41 199.11
140890 185.09 12.78
111038 38.23 174.17
5701 89.83 198.89
123131 2.77 186.8
133357 136.52 71.16
123444 195.23 1.61
66407 173.22 88.99
23316 53.78 97.61
38260 7.21 26.31
8862 39.26 71.18
100809 94.93 5.91
60691 183.5 106.91
74263 126.78 178.04
121136 42.8 63.53

- TOTAL_RUNNING_TIME_SECONDS = 15.61324143409729
